tr|D3W8N4|D3W8N4_SARS	OQ175350.1	98.023	1922	38	0	1	1922	2715	8480	0.0	3736
tr|D3W8N4|D3W8N4_SARS	PV652244.1	97.971	1922	39	0	1	1922	2719	8484	0.0	3732
tr|D3W8N4|D3W8N4_SARS	OQ175344.1	98.232	1923	33	1	1	1922	2715	8483	0.0	3724
tr|D3W8N4|D3W8N4_SARS	PV652247.1	97.347	1922	48	1	1	1922	2720	8476	0.0	3714
tr|D3W8N4|D3W8N4_SARS	PV652245.1	97.452	1923	48	1	1	1922	2719	8487	0.0	3702
tr|D3W8N4|D3W8N4_SARS	OQ175342.1	96.464	1923	65	2	1	1922	2715	8477	0.0	3687
tr|D3W8N4|D3W8N4_SARS	PV652243.1	94.228	1923	107	3	1	1922	2718	8477	0.0	3601
tr|D3W8N4|D3W8N4_SARS	PV652246.1	94.228	1923	109	2	1	1922	2720	8485	0.0	3595
tr|D3W8N4|D3W8N4_SARS	PV652246.1	40.741	27	13	1	1445	1468	1466	1386	9.5	25.8
tr|D3W8N4|D3W8N4_SARS	OQ175349.1	93.288	1922	126	2	1	1922	2715	8471	0.0	3591
tr|D3W8N4|D3W8N4_SARS	OQ175343.1	89.855	1932	182	3	1	1922	2715	8498	0.0	3459
tr|D3W8N4|D3W8N4_SARS	MZ937000.1	76.144	1945	432	9	1	1922	2696	8503	0.0	2982
tr|D3W8N4|D3W8N4_SARS	MZ937001.1	76.262	1942	436	9	1	1922	2679	8489	0.0	2980
tr|D3W8N4|D3W8N4_SARS	MZ937003.2	76.043	1941	442	7	1	1922	2719	8529	0.0	2970
tr|D3W8N4|D3W8N4_SARS	NC_045512.2	75.744	1950	440	9	1	1922	2720	8554	0.0	2970
tr|D3W8N4|D3W8N4_SARS	PV652241.1	75.551	1951	438	8	1	1922	2670	8492	0.0	2966
tr|D3W8N4|D3W8N4_SARS	MT726044.1	74.935	1931	442	9	1	1922	2716	8409	0.0	2961
tr|D3W8N4|D3W8N4_SARS	PV648369.1	76.058	1938	439	9	1	1922	2713	8499	0.0	2957
tr|D3W8N4|D3W8N4_SARS	PV648369.1	25.510	98	59	4	814	911	8716	8967	1.1	28.9
tr|D3W8N4|D3W8N4_SARS	MZ937004.1	75.398	1947	450	7	1	1922	2682	8510	0.0	2954
tr|D3W8N4|D3W8N4_SARS	PV648373.1	75.762	1935	447	9	1	1922	2713	8490	0.0	2950
tr|D3W8N4|D3W8N4_SARS	PV648367.1	75.517	1936	453	7	1	1922	2712	8498	0.0	2950
tr|D3W8N4|D3W8N4_SARS	PV648367.1	25.510	98	59	4	814	911	8715	8966	1.0	28.9
tr|D3W8N4|D3W8N4_SARS	PV648374.1	75.697	1938	446	8	1	1922	2713	8499	0.0	2950
tr|D3W8N4|D3W8N4_SARS	PV648374.1	25.510	98	59	4	814	911	8716	8967	1.1	28.5
tr|D3W8N4|D3W8N4_SARS	PV648368.1	75.671	1936	450	7	1	1922	2712	8498	0.0	2945
tr|D3W8N4|D3W8N4_SARS	PV652242.1	75.553	1943	444	8	1	1922	2644	8442	0.0	2941
tr|D3W8N4|D3W8N4_SARS	PV652242.1	50.000	18	9	0	1157	1174	6198	6145	5.0	26.6
tr|D3W8N4|D3W8N4_SARS	MN514967.1	29.100	1244	776	31	727	1922	4901	8458	2.55e-146	501
tr|D3W8N4|D3W8N4_SARS	MN514967.1	32.258	155	103	1	194	346	4028	4492	1.36e-16	81.3
tr|D3W8N4|D3W8N4_SARS	MN514967.1	30.357	112	73	3	4	110	2768	3103	1.89e-10	60.8
tr|D3W8N4|D3W8N4_SARS	MN514967.1	33.333	48	32	0	811	858	3365	3508	0.30	30.4
